SRR1294900_25_GRCh38_Ensembl	51799	6503	4815
SRR1294893_25_GRCh38_Ensembl	50757	7545	5912
SRR1294905_25_GRCh38_Ensembl	50331	7971	6314
SRR1294971_25_GRCh38_Ensembl	50693	7609	5810
SRR1294904_25_GRCh38_Ensembl	50761	7541	5694
SRR1294935_25_GRCh38_Ensembl	50942	7360	5466
SRR1294876_25_GRCh38_Ensembl	51023	7279	5426
SRR1294916_25_GRCh38_Ensembl	49396	8906	6764
SRR1294890_25_GRCh38_Ensembl	51873	6429	4846
SRR1294924_25_GRCh38_Ensembl	51136	7166	5488
SRR1295145_100_GRCh38_Ensembl	51488	6814	5310
SRR1295092_100_GRCh38_Ensembl	52340	5962	4729
SRR1295085_100_GRCh38_Ensembl	51101	7201	5889
SRR1295163_100_GRCh38_Ensembl	51142	7160	5646
SRR1295127_100_GRCh38_Ensembl	51611	6691	5353
SRR1295120_100_GRCh38_Ensembl	50664	7638	5921
SRR1295097_100_GRCh38_Ensembl	50680	7622	6225
SRR1295157_100_GRCh38_Ensembl	51006	7296	5697
SRR1295108_100_GRCh38_Ensembl	49830	8472	6553
SRR1295068_100_GRCh38_Ensembl	51480	6822	5285
SRR1294900_25_GRCh38_GencodeV27	57573	6336	4676
SRR1294893_25_GRCh38_GencodeV27	56365	7560	5976
SRR1294905_25_GRCh38_GencodeV27	56157	7739	6107
SRR1294971_25_GRCh38_GencodeV27	56488	7410	5638
SRR1294904_25_GRCh38_GencodeV27	56389	7536	5768
SRR1294935_25_GRCh38_GencodeV27	56747	7153	5290
SRR1294876_25_GRCh38_GencodeV27	56837	7072	5250
SRR1294916_25_GRCh38_GencodeV27	55278	8622	6548
SRR1294890_25_GRCh38_GencodeV27	57654	6255	4709
SRR1294924_25_GRCh38_GencodeV27	56940	6968	5335
SRR1295145_100_GRCh38_GencodeV27	57247	6663	5170
SRR1295092_100_GRCh38_GencodeV27	58086	5825	4602
SRR1295085_100_GRCh38_GencodeV27	56857	7048	5735
SRR1295163_100_GRCh38_GencodeV27	56912	6993	5488
SRR1295127_100_GRCh38_GencodeV27	57370	6538	5200
SRR1295120_100_GRCh38_GencodeV27	56487	7422	5741
SRR1295097_100_GRCh38_GencodeV27	56478	7422	6032
SRR1295157_100_GRCh38_GencodeV27	56783	7126	5539
SRR1295108_100_GRCh38_GencodeV27	55678	8231	6351
SRR1295068_100_GRCh38_GencodeV27	57268	6642	5126
SRR1294900_25_GRCh38_GencodeV27_basic	57709	6196	4583
SRR1294893_25_GRCh38_GencodeV27_basic	56495	7430	5893
SRR1294905_25_GRCh38_GencodeV27_basic	56251	7674	6033
SRR1294971_25_GRCh38_GencodeV27_basic	56656	7269	5555
SRR1294904_25_GRCh38_GencodeV27_basic	56770	7155	5401
SRR1294935_25_GRCh38_GencodeV27_basic	56651	7274	5521
SRR1294876_25_GRCh38_GencodeV27_basic	56900	7025	5321
SRR1294916_25_GRCh38_GencodeV27_basic	55535	8390	6358
SRR1294890_25_GRCh38_GencodeV27_basic	57748	6159	4635
SRR1294924_25_GRCh38_GencodeV27_basic	57114	6786	5233
SRR1295145_100_GRCh38_GencodeV27_basic	57419	6490	5043
SRR1295092_100_GRCh38_GencodeV27_basic	58195	5714	4518
SRR1295085_100_GRCh38_GencodeV27_basic	56951	6949	5655
SRR1295163_100_GRCh38_GencodeV27_basic	57029	6871	5396
SRR1295127_100_GRCh38_GencodeV27_basic	57441	6459	5128
SRR1295120_100_GRCh38_GencodeV27_basic	56683	7226	5587
SRR1295097_100_GRCh38_GencodeV27_basic	56550	7347	5970
SRR1295157_100_GRCh38_GencodeV27_basic	56971	6936	5385
SRR1295108_100_GRCh38_GencodeV27_basic	55894	8006	6176
SRR1295068_100_GRCh38_GencodeV27_basic	57458	6451	4989
SRR1294900_25_GRCh38_RefSeq	44610	5989	4516
SRR1294893_25_GRCh38_RefSeq	43610	6998	5565
SRR1294905_25_GRCh38_RefSeq	43274	7334	5936
SRR1294971_25_GRCh38_RefSeq	43608	7000	5419
SRR1294904_25_GRCh38_RefSeq	43713	6895	5331
SRR1294935_25_GRCh38_RefSeq	43778	6830	5153
SRR1294876_25_GRCh38_RefSeq	43962	6637	5029
SRR1294916_25_GRCh38_RefSeq	42371	8237	6342
SRR1294890_25_GRCh38_RefSeq	44598	6001	4609
SRR1294924_25_GRCh38_RefSeq	43984	6615	5171
SRR1295145_100_GRCh38_RefSeq	44302	6300	4968
SRR1295092_100_GRCh38_RefSeq	45042	5560	4434
SRR1295085_100_GRCh38_RefSeq	43840	6759	5552
SRR1295163_100_GRCh38_RefSeq	43984	6615	5302
SRR1295127_100_GRCh38_RefSeq	44347	6252	5081
SRR1295120_100_GRCh38_RefSeq	43553	7047	5548
SRR1295097_100_GRCh38_RefSeq	43470	7129	5880
SRR1295157_100_GRCh38_RefSeq	43716	6883	5420
SRR1295108_100_GRCh38_RefSeq	42748	7851	6190
SRR1295068_100_GRCh38_RefSeq	44318	6284	4952
